9999999999999999999999999999999999999999999999999999999999999999999999999999999999999999999999999999
9476156024547868160291533650237745331892843998576423816519035950493258755469910723248293557494400989
9475717248364456602893686820361672870966059699702166506529883906490701746536921353015895281098075919
9543558436858313568590880052163727124925369439903465247090763978199433011407999928053795084692168939
9425873225230047327097455714015817519657198631924354703971016921489451814120988999609999985792118929
9313834877170723727299976853263034509604396467997142708966846981619158410338915849995576999496683919
9744757561126213185098998041237116498386902710499071249726359585319414372109601165997256839965180919
9130424046315638260951599131142123596055926648639530196701339333709874766329283401597888145991056979
9583670467153401019774849913632814952229626558389975698650839056539570248429685261290252410893132969
9208134328028553893557868995027026932829473580036996918375409273529999115559702343299673857694271949
9117760350476482693365351399456169667291617370599999938834029357239669999999356208049864134397256929
9136041777075586970724460879993549344390669999968193992634198404396672238119258768189903043899775929
9116172508037569650876872032099290055999993168714925799993090187934400376239992880024930323779033959
9004123042831399956262736284279992779984784620001955509699995329005315806389899999935986801109146969
9863435272339948902730032883686996693237405653009012297364899239344856083999606743999993304079910989
9066088372299651990777051101152699953822533524439861296663269996866722609359282788476799982018931919
9557280469919931899617021887310609124024835402899913690044649199973803992319671151727162993709999999
9073825898575996019982201443781549990630358008901993953713069806996799848069304271743080299993485269
9533689983861899070928310858265649899951711359502899935513292230399999105239928071485278189726667849
9912993287028429982990675350264798562999752494486319920076692485629809998830903612880386629044138669
9999405216175260994799540272706094457089999193603209187501923156429888599224934538061258191465126569
9789964511488277799659936763647904237207039934103649845053966437009885339995906882206706397411178619
9573956744631631269972942632727977021671801982621489063874974463429905235099908431231782986445376039
9017996246357444045995991488699954335336845999999999995239923562225921423609944235115613980800334889
9700399012567042576099499422907997467731734892280731199969999992373961681371995264753079831543661419
9751849514717452003389959999535392220105406496418542608993115599999940423681498280545592801611654589
9538129925330234664045993944648499547502704198877044062906585738309934788074299783530795533138483429
9580610998522055333614899627236809467450365595814432276998630584614993631022579460328952426641808099
9635801090123837112226297136173869974386317931453106706097026653434097620487289947718940468705773899
9241343799900003534552793107832437995300147963800150663696812621255799410170587935139084006786006999
9447738295999715005342978242710612091341874905730822630395206651847659981062684994479384352781679499
9700022496369994654099999772056833099375660981127360758095605504831412968756744691699587773644498299
9084442922257499999906859999999999999061308967751746537395227566008214999999999999949963238310988399
9087489660761581973164254924213626229906384950640858848699730308427069910162280295052999401589332899
9407339406226373970828602996156352072999280985781680047999999999900990255822105197586249993192657799
9008697233520164920766180799260061032329996936549999999963317155999661152245876294530307499999999999
9458098656184055963306877449578708259993699999992842554924668525839086043540480096070888368913654879
9217912871463361926807654079999999998011656926022077448960453521499550775422154899386317558975834459
9672937558544822994422877148961215952056614956671833008906420084969301513061710799008676424995464129
9329886107834359999961560021941279653327732947153200873900078642919730837243623949915656341892287369
9779220388719997940998122216955791836232157924173226286906050039809070716051633936996030233393888439
9098387269994858933399844664940948184814047916608647400900465196779581116300579994394006222699054049
9935359996772329301249993625909433266582077982578001332992387494889457538211629695199481222019501239
9969994311514799901734399766990831286423619224100662202497103984039900727073397692259963383289877459
9999999999999944978405449997925030322772869073678628440891769413266914453213982399381917783829286259
9057117483205948993651524799363207571530109999999999999994419801601948017719426689184995400179908659
9855523556349501096031638749830113023344869725216132863499890407737910484559551619618299054134925819
9999532833559247699834228029991428285225819568767184533239937007611977441490274779977489858438963519
9709999999999455899990704509299999999674449744807238608144984868757972781966564141961079977524988639
9174599537699568973699935699407034779999999962721143881420973003380970639125820236954261996854999999
9577559927579979033321999999084114407809707999999999548818999999999999569328721680994270797517905259
9171852936254999240559904899631605586279445927345849999999701030785739999993253013494063799799446079
9828613991280595822997043499942363315295317993306332325889681804431109379299999999092074069946231419
9643270799162096059283254931990245067892164795044474374179323420325109129958717329999647159777351589
9540681159457393997251606953092620217937255799178674771709833422058195163944720076439999999263423239
9447580779983199755553342912099428462916058289008664384619614827347293548998213266035910939938473009
9917636188995590713430300901849955599388314829975824212493708867200392276195860431039288927992045589
9995647121494594305748759999179999979308838509928447342296736553535974070299776301391131922699421739
9799932715299695881124259579998490779464445197990056236396501854754928307129356370906436958739940519
9886998334819995348385691430990904189903837980899402058698780307502916437079904459182207914674992059
9836899999999941235553965050795996114965509006469956235099999999999353063670941794100416910036299509
9771191337588998132619834070899899970945194707633974627093577316429912416561999960360531963681449929
9558595406844899346649358877196217999943958720824996870916726271718999986002989977387828981744381999
9748936786512809917795064625098552319959858757586299579053830540716978999999361995423549068608322299
9418914406207399999912313062923243510997260223143789996342480831389278448995518499636389625688562979
9329575702812950719946056872986524783999064111334337995281231336349754052999836769978149681741829259
9295058637739626723965157229164456629929999918872059099132820042039858509609063742996369318051595039
9694765307993565142994531149234031798616310999991191119997610547219923369809926478499999995588955209
9944460489841137255199502093827832952128113815899960507499263231094999993545978721794171099969478529
9915076894876480886359685092373579541576448527379767251709901712922593399041999994497324273991562479
9435729967717667172659960930307993802037770210749182530007999699848398559760976599936685366695834229
9815196755442053669999999944219635684805221074779218648222479930827899709529242741985837871199883549
9446953720423999990484979995495741776324618238759851510227044918326529609894765853975825387649502149
9899750899999712552609834699928401336568822362769041455866657999901009769923383349088267263159014839
9929999912021022011190767259902386202168788043793774114078769162999279989121222079995775711519931689
9992380504161786846397007875999931131624634500199910218354209752689996989377140593099987735263914849
9899778011542645770911232836925999920305144053999999934210669260102199999421541906328999472773903209
9819916135361773429024743258943571999982177149169283999986497746444139309986509627321359994152999959
9015993501432537796387134310924530258999987992879918562999993382845991503992292041418124499913903999
9182099253840152907577711277903214155145999427345920158842999910529053387199925676043738314999557839
9524119908629999954455655686935071711373093430122991466828958999398223622479035526526816621981577139
9603405999990759412544148285936353166083693312858793547749041389952477560209427036216415382942441479
9686807956057309985231846438984515408036498883786299031569127569945002036559999999999999999051274269
9772643956131848965652813252940086058178892220857499991079077442917162120009960724556576479887211709
9325199945452655902104637399905603368461695716107194799292415154957270100191912587064335069105442169
9273953992700746967167999975991605030450499380684970779999999999990864866935996551363701709422783139
9489242896087087949999330167796517821579949985749232475794540234999137809204199550560785719116475159
9991705895735411995151588652499524675797712991429168265900800769169908294154079986370802592067861579
9670201499153313961306582433799993219960767199691842221971565190630999994527200955807460894118046079
9064757759555455925600714814902799997227640169935678666928336985879020999582407995264650797800337049
9343824749484507908501574689231859943432206652999999999944029811392456969932427799658761790663130869
9999921569768469996575674198468846928047642189771507544992297512943540991996632669965342191583443409
9718999999999997699998151952746861940352188219971381472699943059836521993399640107999999998788028339
9328576819549338535899919402846780991271753829999281364759481395550009299279928789974065599323862159
9511125294309947251035990684234726297601599990649994340209923999965649219251992999144034789950315729
9441215972572928064886793462801205499999955399538899908675999055999991349988499349437461760990176209
9656372950870932574882399608846452094884565489787354999883983382836996446991982109118682755599262119
9242139656345978368602639467823671798782556019073066149996908376847095257199720219540507724149905089
9768819352206953404367079610421455395128436179942252583199243442285891326094744139855635307383990209
9999999999999999999999999999999999999999999999999999999999999999999999999999999999999999999999999999
