5795413989054465357527372400825324530290325243355231176992226473793595129913504182839413590267399553
5227290626539920532781438703533292769266336154707399454382152398626023208129379256922728733939826432
0177550177853317219837970570922484283969533289768920823796390222532422731256483324500530225223722071
5207250245958339835416246533055170753179234499520693372725554352614539234888209026360233549132652596
5960750295661239862135917924983574829599264921922815939558599193353359894422649720304519563222978053
2497234979656539816609965292342090811545375998712133133317592928777536922642906361782862644814579152
7224261832392543285892177934309597455675593237518358578376589692031998903340543565322533893713029348
5998883692803213953250339379291618950347453257939928989925559200330303829268530020340106112606581083
9051983338235952492255898453300980109463163583252939849399259597853532497196243701993532257239599445
9254423243339933338733562451305197615292249939735524922511196232033021052792094256421522434303096032
2594541303390330109255362020929324599917375023155425379365009006385381099359337629432377204212235393
2211511923553970528999929625555530239725637213865899079785173826494082439411036299703323459353485095
8523201659452798125279756619568554550723657697395263029318896909031122962326974265629805657899376653
2563993095245625383513947823321895159061905853055122425949871378733522940952735531602337553590929452
7251341299041589104786220829962322283258225503912359908533234393554345036295787419996366973793388012
7605651925899663759543696132949569296855650059929734225553929619391329527275395205859568253556122463
7819723051397982923696334292941134903569295690044504553250839527251592024397303797552749320933333419
7964959104239439521767114130789032076060599936935364286748293165523126759334855933222055132306969387
4355029509453955195209932984033094132383127433203779330186417207827212623035749531498344228903753330
1474339939536833592908225522282919454137539913528096334636599139874359293884305324909245931996247104
2749776690826595006819622732220880232515463376839715284976628235029197468020535449022717228017975118
6559235252618964127189232438489232088283556546157231466743366516256385147353139552879879552899332558
3369982037297972547337829142446958058523961616957736233875924327969921766572382422243434693164583195
1832564330179402752752222575182255992522252013559862663097095542788929729853556722311645439533751536
6351870239783030973955754909584525252531367466010407939322125393769969522501232495363391159239507959
8956582736191526982538785029332805692355024230859631639973239257176832248322897906336705586959357039
4395983339072075087966919833841915920482462113915942291302842085490386332333931295842971215252285983
8989252145799228033399632849804213327852295635205058723964104078282549633805752252395199129692798552
7237303715553138391508345351533167938067954034624544535029641002226351530866603783811379722333533524
9854024678152023729233985144753507822270992629339425140639035532241309279070259138935993195106308422
0953371783318213973233759220325037585717211231245396333213534442352811734561855975573353093299397757
4598513642530582635531535442203591076853339074933275938364473928995432511949029015453351525619861169
1453195521153991499507989232433006983309148552537119212125499134035538162575376191683399832716847492
3479056992923759059033178599074515200628209153244936353437339653952581359513977955311795372991165992
5182175816339019479357585254503893923420362127458231651952324709930620229975225075326375501583322269
2933395454898234533300827905463672358394547931038995783940887593526431918552966652807835936053943222
1352954664244173895903929392547713973252576245546344915955853921203252530227005552503335330519204559
4382973328922385623892594101978203559986252054701524374373353403636059163980317799302443077335273852
4399682097563113025994855219960630251326709767675982540513732335941656392532898505933322924441283357
2325356759675282035357223112272396587920386835093295993299839703342408532950705398573232492765598428
2375835021894976314543291179783557956359591263073939710488932227520352011506578621213759940533926647
7365983799073200733523776491926586523333245692318770997335485145153622525531330782435423124753082198
2062303239532902297059979155526132393230536896292823334202652369207627517433147623620987629801385684
0357924124999909320226265593442236443980537596850563398393849793185189524252233323458459271822853322
6290092340856521231787092736271542109070579582304336923513312454475393383930705320643292941038332453
3774522365778186625233982228537935895433831885399243081993373740233323388438992740735703910580659736
7922882795368553992324396157312592631751933766593729455286759459164931390726583804035489228572074892
7533393276265738581333401072939335955755824275039559086217622091333053148153529835895053567285301915
8355960228294993324654941389358934492193425355544837989382288133889683902266435492378314120622949049
0283033103736092199152922964316614635313301065535599295272288491222829052442879693003962379877499521
9730209629253521304397672832753396823273740225232222228632292103223485151560993705731192575263083533
6270305758953575243698929639657477124764253052342412353720333669328709536396230376592335304059586412
9017393321956555137739365939593348369077775462555289340973214712526538853892465818725341394386173725
9963664326271098879298381858257542525345155937185952735693476977707426043072627210980259599072923930
3955575580897383367733969673224592295392039155285287678414299435237326335323874975935653242054570932
6414259764959315944400251573272550693562355393652432520715339306434729421765299928350482629945218291
4170352543935393336099426218166291797799051762576292010280227259999925125651773143003293689280052208
2802994065935315930322058528239893200254778025627207084550024248331898694530733515857609858833343568
8830615237919273534359516359991299565479109103984577663981780593962951333398959203569164509030399701
9395547538385305130459720426924559963252362496619519450294325283296740185673106423024370249123373627
3376326035993272973424923922924906785143512241051159236011003556027025918843299526907999529339255223
1105923621873555382542356613897320972232550296355617639227956692759559595373993375503642631950898692
5608322692697576389722319221309976367628153327788005559919598330297695541995423622308242143343701803
3772690759236549880792122942535356842395109265753515098535894293165290736118021881114410993929293916
0967089295132321603915655139203859529904127509161185270702643512359087315229087708289296662201235195
8462625230183330254550499694259125728026372513954919886341565923393925333985966520923794536103551677
2522075811594575112034960972454092574689288256994626595686207865803687234516422500437686332500675898
4929214369545533359560466961951454919535819337738985657751116351540286131382153635712329143122991502
7339598696292646988354773258724922885554598539379479429327077319192317091254442396739048259052225971
8423522996233218805286394832502221922820472631258355624725151836507367535958333424911952283532551979
5079823336298292604358541927425637390955233996212357382901999279073388698091964306938592393525314623
5552657023378521560972925578325318497737935137935216332593585933053943291889902325523993995220925655
2795953798565034372055750461187973785082125299575462730332921534121823571228992309629052607245925291
1524422346432963493993023539523406132461965053909275255258169842652807625755265926231513524506572339
6833186839354890879549332799970060259104230293032991339230392703997190267630603342434145423232986159
7433720812605999609756525479782162863955230524282929205953539291910452233262492243513836458797245469
2397793650415518929289948245395331699939231222367453764335868625112655563529212297219255951138677241
1013222559112299902592053460643730249003913343332214277920531812835598943731588679628650274502475202
9549332263559343553538239529659345089958825911280767237003933721224722980836918142354225307359395606
1564524926503331231465662362836393394081269265194925315857594632212753185597395310716087852765676358
9391390309961992384751915023003280814085738304932283028530312242825435805533315925823089752355322533
4997292223523095774968961253983243984146093775023325999224605485951155465399957527257051028558165431
4293929577227935170554298280135292215396051989398459312944433609095172523505985593855065622495310538
4894248995615915197873375956909390454392925657893171580831297996270523245035304582231032943804519376
2628748688713235719221939724989530503308343694925688934935925679970828657423352125023983100955921398
9493616549725155562585329275843752266413596539545155909532978061735198761567354961590091326250229348
6050823282992094747151202396122494275469259997345194536343120904532302099300940397349757355389663611
3532937220333233835680757424329951586824326538222575555252039979030135394272499892932325295898525657
2582925954325276229445075700649209375208985739796259897525375926098535533913347742155069834195994294
6284352427325323889948723395033483452130221049564832221545934959376321332598102019772961359610315923
0178163303549589352258642827596449776953192338992227559959485060224339550405362513239563332223129385
9353531204812929560676297975576996057339943098370162820074429657439030598572552553397373956428389415
8740533093548392523990369863270046932294683393915593923528395983232639124998592741610995339393551118
8531972895639489593506209990195088641884002084529328138226390920297549329910992979859002253292227383
2472120436575847491382426372783325103927593554233739695613995434205309637875650112575009072992880325
3154981514145672540835268303646922510794515299955343524406163632026647899903101526657279958992530724
1696637214792959455999577197991365895299677555953362545943651959297943296524429543103767804959592313
3497133053527893389272513255612053275898363259324357208602453972595294482172293354313493907973583932
5722522367338597220390399233999382333810824952309163321691554529539976209297428127348583353525899027
0032643845966694320098820526054125633221455365507424350279926357723774262737348230331543431845332182
