110010000000
101100010101
101010110010
011010100110
110101001010
011100100001
101001010110
110101101001
110000001010
010010111010
110011011010
011010011110
111001111010
000011110100
100011010010
010100011110
101000001110
101010101000
000100000100
011010110011
101010011000
100111110001
001000111010
110000001001
101011011011
110010111001
100010101001
110110110001
110110000010
001100001100
101111100110
111110001010
011111101111
100110101011
001010110111
100111100100
101100101100
101010000101
100010100011
000111101100
100001111011
110010010010
110010101010
100111011111
101010110100
101010111111
011111000010
111011100101
011110101110
011111100100
000110000011
000100101100
001011000110
011100001001
101110011001
000001101110
101011010011
001111100010
000111111010
000010100010
010010010000
000010001010
010010100110
110010101010
111010001010
111011100011
100111111110
111111111100
000111010001
100010110101
001100011011
110010011011
000100111010
001111001111
000010100101
000100110001
001110011000
101011000100
010010110011
010010010000
110111011010
111110001000
100110010101
100110011110
010111101010
101010101001
111101001010
101111101101
000010010010
110011011110
111011111100
111110111111
001010001010
001100100011
100010011001
100111101101
001000100100
111100101110
100110010010
001110100111
001010000111
100100000111
100010100000
100110101110
101010011010
011010000100
010010110100
001010111011
000010000110
110010101011
111001011010
101010101011
100000111100
011010011100
101110100101
100110111010
110010001111
000110000100
000010100010
101010001001
101100100010
100110100011
100111101011
011110111010
100010101110
010100111010
111000010111
101010101001
111100101111
101110011111
110010000010
110010110010
000110001111
110111100100
101000010010
100110011110
111000100100
100010001010
101101011111
100111001111
110110100001
010110000011
101000000110
110010100110
100110010011
111010111100
011110111010
110100011110
000100100100
011010101010
100010111110
111010101000
001101010011
100100101110
001000011010
100010111111
101010111100
011000011100
011010011000
001010101110
101110011000
101100101010
111111101111
010100101010
111101101010
011011100110
101101101111
100010001001
110110111010
011111001111
000000111010
111111101010
100101010010
111110010010
101110100010
101000011010
010111001111
110110111011
111000001110
100110100110
001011001111
011111111010
111011000010
101010010001
011011101100
100110000011
101110001111
100100011110
111110110010
110010000000
010011010000
110010101010
101010101010
101101001101
101101011001
111111001110
100000111010
010000011010
001110001110
100010111110
101110111011
111001001110
101101001000
001110010000
111011110000
100100101110
111010011001
110111101010
100011101110
001010101000
101111010111
100110101100
110000100110
111010100110
000010000011
111110111011
000101100001
111011011110
000100111011
100111010010
100110110000
101001110011
111111101100
010110001011
101010100000
101110100100
001011011011
010110101101
000000101110
011110000110
001010111100
111100010101
100011100010
000010101110
110011101100
000110101010
110110100011
101011001011
100011101110
101000001000
010010101000
001001110001
111101101100
000100101011
110110100101
100110111111
011110100011
000100101101
001110010100
000111100110
110000011100
000000100110
100000101010
100010101001
111110111111
101111101110
001011101110
100010111011
001000001110
111011001000
110100101010
001010111011
100110001110
010110001100
111000001010
010111010001
000010111001
011111101000
100011011001
101011100111
000010100100
110000011100
100101001110
101010001001
001110101101
001111111001
000010111100
000010111010
101010001011
101010111000
110010111111
100110001010
101100011000
010010000110
101110100100
001010101100
110011101001
111110000101
101100111000
111011001010
101001011110
011111001001
000010001100
111010101010
101110101010
001110101100
101010101001
100001111001
101100011001
100101001110
101111100000
111111001011
000010100110
100000111100
101011111101
101010000110
110110101001
101010001111
101000110000
110010101101
001100010110
001110000010
101111110101
100000001001
001111000000
011011000100
111100011111
111110001010
010010001011
100110110111
100100001111
100111111111
001010101010
100101101000
001100101111
101100000100
111010101010
110101100010
110100010010
101001010011
001110000011
110111100001
001100000111
110000010101
101010100011
001010011101
101100000111
111111100011
001101011011
010100011101
000010100000
101110000111
010111111100
101011011010
111000000110
110011000110
000011011000
000011100011
010110100110
111110101111
101110001011
100110100010
100010000010
100110101111
101010111010
001000100101
011010011011
110001000110
001010101010
100010111111
000010100100
100001110100
101110101101
111110100000
000011110100
001011100100
000001101011
010110111111
110110100011
110110110010
010000011001
110101000010
110101010111
101100100000
110010000010
111000111101
000100010000
101110111011
011110011111
101001111101
101110101010
000101001001
011010110111
010010100001
011111101111
010111111101
001011111010
000001100101
001110100110
111010111010
111010101100
110100010110
100011000111
100001011000
000110101101
111010000100
100101100100
001000111100
101101101111
000010101111
111000001010
001010111110
110110000010
111010001110
101110111100
011110001100
000110111011
111110101111
100110111111
000011100000
000000011000
100001011010
000001111101
111010100011
100000111000
101000101110
100110010110
011010001011
000010000011
111000011110
000110100010
001110011110
101010000111
101000101101
010000000100
100010100000
111110111100
100010001010
001101111100
000100110010
110110001101
001101001001
111111011111
100001111010
000110110011
101111001001
101111011110
100001001001
000110111110
101110100011
111010101011
101011001100
001100010101
101110101011
110111110100
011111001110
101001010000
100101011010
111111001001
101011101111
000111111010
001010010011
101110100100
100011000001
101010000110
000111011110
100101100000
101011001001
000110000000
001110001000
010010001110
110011111001
001010000001
010010111110
110010001010
100111110000
100100001011
010100100010
101001110001
101000011111
010000100011
000011001100
111010110100
100100001010
011000110001
001111101111
010011010100
100100001010
100010100010
011101111100
011010001010
110111110111
101010011011
110000011011
101010101010
000110010110
100010001110
010110100110
001000011000
000010101010
111010100110
110010000111
101111011000
011100010010
110111110001
110110101010
110111110110
110110010110
101100010010
101010101101
110010001011
101110000111
110111111000
101010001010
111100001011
100010000001
101000010110
111010101101
110010101100
111011100011
101011111111
110110100001
111100101101
010010111000
110110000010
111001101011
101001000100
111101111000
101000001111
110011001111
111011001000
110010001000
100111110110
110010001101
111000111010
100101001101
101110000010
100110101011
000000110111
111001111100
110000001100
101011101111
010100001010
110000011010
111010001001
000110010111
101100101111
010111101000
001110101011
111001010000
111010011010
100010110110
001010101110
101110101101
001100011100
110110010010
001000100111
011110011111
110000111100
011110000011
111110101100
100010110010
010100011111
111000100111
100010001111
010000000010
011111011011
000010100111
101010011011
111110101110
101100001110
110111010011
010010101101
101010000001
111111001011
101010111110
110110100110
001010010010
101010100010
110100110100
101101010010
101010011010
110110110110
000000000101
101110101100
100010010011
101010101000
100110011010
001010111010
100110110010
001010100100
011010111011
111010000010
111100010011
100011011000
101100100010
100011100110
001010010001
101011111000
101111000111
001111100110
100110111010
101111111110
001000010001
011110100000
100110101010
100100101100
111110110110
110011011011
011101001000
101100001011
010110100110
101000000000
100101101010
000111010100
111010111110
100010001011
110001111000
110110011010
100010011110
101110110000
111011000101
001111111111
101100110000
000110001001
110110111001
100101011000
101111110100
001111000000
110000000111
111010101110
101100000100
110010010000
100110001101
101010001000
100011001010
101010100011
101100110110
011011111010
101000100110
101010011101
000011110001
110010011110
111010100001
111100000110
001100111001
000011101110
011100101000
101110100111
111010000110
100110100001
001000001011
111110101010
100010000000
011011001010
111011000000
100000100110
101110100010
101011000010
111101100011
110011001110
111110111010
110010111000
101100101110
110101011010
111111111110
100110001011
111111110000
001000001001
110000111110
100101100100
011111101110
100100110110
011001111100
111001001101
110110101011
010010011100
000110101101
010000001000
100011000011
111011111101
000100001010
101111111111
001110111101
001111010011
010110011110
110110011000
111100101011
110010100000
100010110100
101111000110
011010011010
100100001111
100011000010
111010101100
101111110000
111111010110
100110101100
100110010010
111110000000
011010111110
101011001010
001011001100
000100010001
100000000111
001110000110
110010111011
001000101010
111010010010
010101010100
011011011010
110010101100
110110001010
011010001011
100100011100
100011011011
100010010110
111110010101
010010101110
101000101000
100101101111
000010110000
111100100001
110001101000
000010100010
010110010010
100001110011
000110101010
101110000000
110101000001
011010100111
100001001110
011001000000
100000101011
110000110110
101101100100
011100110010
110000010010
010110011100
000110011010
101010011000
101110101000
101110001010
100011101100
110010100011
111010111100
101000100000
011100011010
111111110100
101010101100
011011011110
000001000010
110010010100
001100011010
101010111010
001100101000
110100011111
001110101101
001011001011
101111111011
000110011010
000111001100
110000010111
110110101111
111010001000
110100111110
100111101101
001010001000
001110100011
000100110100
111010100011
100111101111
001110101110
010110111100
100101011100
100011000110
110110100000
100011100100
111010001101
001010101111
101110010010
000111001100
100110100101
110010010011
100000000000
111110000000
110110001111
101111001100
010010011011
111101111110
001010101010
110010010110
111000001000
100111011011
001001000111
110010101110
000110110010
111110010110
010011100011
110110101011
100110111111
011010101001
001100111110
101010010100
010010001110
100110001000
101001101010
001011101111
000110100110
010010010100
111011001000
101100100000
100010100110
100011010110
000010110101
101110101111
100001000111
100111101110
101111000110
110000101111
000100011111
100100011100
000110111101
100110100100
011001110001
001001000111
100111110110
111111001111
001011010000
011110010011
101100011000
110111011111
101100100111
101111101010
100100001000
011010001001
111000000101
011100000111
111000101010
100010111000
101111000000
000010100010
110111101110
001100000111
000001110011
001010010010
101000101000
001110001001
000010101010
100001010010
000010100111
111011000010
100010001110
111010011011
000000001010
001000101001
111001111110
100010001011
111001111011
001110001010
110111100001
111111000100
101010011010
111101001011
110010001101
101100111011
000010100110
111111100000
011011011111
101100000010
000000110010
011110111011
100100111001
011010011110
100001101011
011001011001
001001010110
100010110010
111010001001
110100110010
000101000101
000110011011
111110010101
101110101000
101100010001
001010011111
101010101000
111110100101
101000000000
101000101010
100010010110
110011011101
100110010110
101011100010
110110101111
111110001010
101101011010
111101011010
000110101001
011001001010
100110101110
101100011010
110111101010
010011101001
111101100110
010000011111
111110010011
001001101011
001101100001
100100101011
100010110000
111100101000
100011011110
001111010001
101101100010
101110011110
100110000011
110001110110
000110110101
101011101100
101111001011
001011101000
101010001110
111110011111
000100010010
011110110110
000110100101
101110010111
101010101110
101110011100
001010010111
001111111011
001101001101
010110011111
111011111110
110110101110
110010011101
001010101011
100010000101
100010001001
100101111110
001100001010
101011010000
111111000110
101010001100
100110100110
010111101000
101111101001
001010000110
111010100011
110010000110
110101101100
100100111100
110111101110
100000001000
110000111001
100000111010
011110000101
001011010010
110110010010
000010001110
001111110001
000100010100
101011101100
001110000101
001011000100
011110110011
110011111110
011100110110
100100010111
110111100010
110000101010
101011100010
110000111110
010011011000
001010111011
111010100011
101010111100
000110100011
011011000001
100110100010
001100010101
001010111011
000111110011
001001110001
010010001011
001010110011
110010000000
001000010000
011011011010
110000110011
011001000000
111111000010
111110011010
001101111111
101110001011
000100110010
010010010100
001000101110
111110111000
111011111110
110111111100
111001110110
100111100011
011000111111
111010001000
001101011110
110110000101
000010001010
010001001101
