351434652913217196841892253371289242321347932681131327781321
727844632194933182383313722333132941224362379292422238322323
532113251359611213838844381614564374426328823251119328263738
386857963674161535141481323211236133153786392417416243369287
365429115915231325533119516893162188421537228613928173539651
112852612925531452892852584917783974129964389912739243348158
278122325127319938926256261539219247211232321511272886947439
511722967762663672734172393293741225919133335296233529882821
124335433629832617323178644448416316634243624623286221346563
829183679367996112366452256462263734196671293137133161719792
891518235395521643993431185891741141631365426252339941111368
974633183125144226347911712578284225116748194342581323855578
221879691972216768832593193298143725251813621525528425348292
936852511575216578634574215232437485762212183918699972522431
415239514287233543868143612426275862244151389348232682883538
112771796923268376439982483662618584122324326219312877683712
336236716721422534889585855151123785398739187128281328851464
723186192174252311336139864923144163983235439192971923375384
313486628495352394889154554251224472499885523368188887732625
217871273633166449881473331391236555912529831379554723752313
266386924364377684212528272375214386215228859165212616421112
655725488115418886618567271718395221433782698332114131323951
181183843514111873374382217529112648223371743625378446531133
131378242718122126442137721235415411193652313175119141255343
461239981135522423272971866123272122262596273367821855697913
131323113234647532229371639856928326332342391222737879911999
739793771222996391536415698687752828313851532925177763243914
115111231126991718362261692832136824217226473934883262272794
258793633151259321658283132662126343688667654111629222131373
282362339122993991353158784793593613311274264364225512581251
138758211553369232296926571376866787772141119411333729261428
276312828149623469362837285931212756118116621548421911233422
389231111355621147143199764541629712334382714631389211279583
318362238646623223788224414933631192741227433598773112328981
613441182123123487121366525381675261814335281317765612931431
123931971345216224116722275827747236114126196717317225939356
317922391914841426925768855493532598562138636271363282831962
222332537279336489288921281121975222537718183329266271229759
116132119538591144347433283217296391241324982166768211735781
613716963325814974113163215467834418638157226521346937486922
114354844281866476331835492382724312632671523151226318962746
821841362735663292471156223524345217825823913495163367622176
932486261391363286812626212611238346635931829712232118621361
892371153197391216913681696223636239138296722288168261542693
495579385254499752723994611619114643375142167624224821671131
151443831483125613232733284795214157845497256213412618858115
785828912593785687914372197211421246915928653231266323421313
541699156112615921234312639512271113921136416839521537933748
828286781371823357113873613936331296229953151734414129373882
337212726757213342149279134742895367481729383245395223814278
215391941525314367338189147587421196815886999561261325778817
175131816543313119521393356256719222298591438384811332193291
113272836232162264311175623129276556411323235246613341122275
283982537363983447746233224936359533374138946562141284737617
812747661686692147223932429913419748622522349431696776838197
593532233813933751922747241332325184214323373613217352181981
568998352728582645671314588111727244742521782533529626334987
688393128165311967219322341734134334137177226524337762911463
219343112258411871239223431263375533335534771968621495322421
316238418768319957381151892233131217576388258245354881695671
