1001
1002
993
998
999
990
991
991
990
986
977
978
980
988
996
996
998
1006
1002
1010
1009
1000
1005
1004
1003
1011
1002
1005
1004
1004
1006
1008
1010
1001
1002
1002
1002
993
984
986
987
988
988
979
980
985
976
972
980
979
979
984
984
975
966
971
967
975
974
979
981
972
974
973
974
975
976
975
983
984
980
985
984
989
980
980
971
967
969
974
982
987
992
992
995
986
987
986
977
977
980
985
976
976
984
984
975
980
979
980
982
982
973
974
977
979
978
974
975
980
979
970
978
978
974
975
974
977
982
973
978
977
980
976
977
968
969
977
968
969
972
971
962
961
963
964
960
959
958
949
950
946
947
950
952
957
965
964
964
964
963
963
959
961
964
972
968
971
971
976
972
980
988
990
992
983
986
994
990
991
987
986
988
989
991
982
983
979
981
977
968
959
961
963
968
959
962
963
971
974
977
977
985
990
992
1000
1000
1003
1003
1005
1001
1006
1002
1003
1002
1005
1006
1007
1015
1015
1014
1015
1011
1016
1018
1017
1013
1009
1000
999
1000
996
995
986
991
994
997
999
1007
1003
1004
1003
1008
999
1007
998
989
997
1002
993
1001
997
988
993
984
986
989
989
997
1002
1003
999
1004
1007
1009
1017
1025
1030
1029
1037
1039
1040
1048
1048
1053
1053
1058
1063
1066
1065
1068
1073
1081
1089
1085
1088
1090
1086
1086
1087
1092
1097
1096
1104
1112
1120
1121
1112
1117
1118
1126
1134
1125
1116
1117
1108
1099
1102
1103
1105
1101
1106
1097
1093
1089
1091
1087
1078
1081
1080
1082
1087
1089
1089
1089
1090
1092
1095
1094
1090
1086
1086
1085
1084
1075
1071
1074
1074
1073
1076
1084
1086
1087
1087
1090
1093
1084
1080
1082
1082
1087
1095
1098
1089
1090
1091
1087
1078
1078
1080
1085
1088
1091
1090
1092
1093
1084
1087
1095
1094
1096
1098
1100
1101
1103
1105
1110
1109
1100
1091
1091
1096
1096
1096
1097
1105
1110
1118
1126
1129
1132
1135
1143
1146
1147
1143
1151
1153
1161
1160
1161
1152
1151
1153
1144
1145
1148
1147
1155
1146
1154
1157
1162
1170
1161
1152
1154
1156
1157
1160
1151
1153
1158
1158
1161
1169
1165
1173
1174
1182
1185
1176
1177
1179
1180
1180
1183
1184
1175
1166
1174
1174
1174
1176
1176
1181
1182
1178
1183
1179
1184
1175
1180
1176
1176
1181
1184
1189
1185
1187
1195
1196
1198
1197
1196
1204
1207
1206
1208
1207
1208
1204
1212
1217
1218
1223
1222
1230
1238
1237
1238
1234
1230
1230
1230
1221
1223
1214
1205
1196
1192
1192
1194
1202
1207
1198
1206
1197
1198
1200
1208
1213
1212
1220
1211
1202
1198
1199
1190
1189
1194
1193
1189
1188
1184
1180
1171
1172
1172
1180
1183
1174
1173
1169
1170
1169
1177
1185
1176
1175
1180
1182
1185
1185
1176
1175
1175
1180
1181
1186
1194
1197
1196
1196
1199
1204
1205
1204
1206
1209
1209
1209
1205
1204
1212
1217
1225
1221
1226
1226
1234
1239
1244
1240
1231
1230
1231
1236
1237
1245
1253
1253
1255
1251
1259
1261
1263
1264
1263
1264
1269
1271
1276
1272
1263
1271
1273
1273
1272
1271
1273
1274
1274
1273
1278
1283
1291
1296
1292
1288
1287
1283
1279
1278
1274
1274
1270
1269
1277
1268
1269
1271
1274
1273
1272
1271
1262
1263
1254
1255
1260
1251
1252
1255
1256
1258
1259
1255
1260
1265
1265
1256
1264
1272
1273
1274
1274
1270
1272
1274
1270
1278
1283
1291
1291
1290
1293
1294
1285
1290
1292
1293
1293
1295
1300
1291
1290
1293
1289
1280
1283
1291
1293
1294
1293
1294
1302
1303
1306
1306
1297
1293
1301
1300
1305
1313
1315
1311
1311
1311
1314
1322
1313
1315
1311
1311
1311
1313
1312
1320
1323
1322
1313
1304
1309
1300
1308
1313
1316
1318
1323
1326
1331
1332
1328
1319
1327
1329
1320
1322
1321
1321
1326
1322
1325
1328
1324
1324
1327
1330
1331
1330
1329
1332
1332
1323
1331
1331
1330
1326
1328
1328
1333
1334
1330
1321
1312
1320
1322
1321
1329
1337
1340
1342
1338
1339
1344
1347
1346
1345
1350
1355
1354
1356
1355
1360
1360
1363
1362
1364
1372
1377
1377
1368
1369
1369
1368
1373
1372
1375
1366
1362
1362
1353
1352
1353
1355
1351
1356
1357
1362
1370
1366
1365
1364
1365
1373
1364
1360
1362
1353
1355
1358
1361
1364
1365
1368
1364
1364
1369
1360
1365
1373
1364
1369
1374
1373
1369
1368
1364
1360
1368
1373
1374
1375
1371
1372
1374
1370
1378
1380
1381
1381
1386
1386
1387
1378
1386
1394
1402
1398
1406
1407
1403
1403
1394
1397
1400
1403
1402
1398
1401
1406
1408
1410
1406
1411
1411
1402
1410
1415
1420
1422
1413
1418
1426
1427
1432
1428
1433
1424
1429
1432
1435
1426
1426
1431
1433
1432
1440
1445
1450
1441
1444
1447
1455
1454
1455
1463
1464
1463
1462
1458
1461
1460
1459
1459
1467
1463
1471
1470
1469
1477
1468
1464
1460
1468
1469
1465
1465
1465
1473
1475
1483
1483
1486
1488
1484
1486
1489
1480
1482
1485
1481
1489
1489
1480
1485
1490
1489
1492
1491
1492
1491
1487
1478
1481
1484
1489
1485
1487
1483
1482
1485
1485
1484
1489
1492
1483
1491
1482
1482
1481
1484
1492
1488
1491
1492
1483
1483
1488
1491
1492
1492
1492
1495
1491
1494
1494
1494
1490
1491
1487
1490
1486
1477
1478
1478
1480
1479
1475
1477
1482
1473
1481
1481
1483
1483
1488
1479
1487
1478
1479
1482
1481
1486
1477
1468
1467
1470
1473
1481
1481
1483
1484
1483
1488
1488
1484
1486
1487
1483
1474
1465
1461
1461
1469
1470
1478
1477
1473
1481
1486
1488
1488
1479
1480
1480
1482
1482
1482
1487
1492
1483
1488
1493
1489
1488
1493
1501
1509
1505
1496
1498
1499
1502
1503
1505
1506
1506
1505
1505
1510
1509
1509
1511
1513
1514
1517
1513
1504
1509
1517
1519
1510
1518
1520
1511
1513
1512
1515
1514
1516
1507
1498
1506
1509
1505
1501
1492
1497
1493
1498
1499
1495
1498
1499
1499
1499
1500
1502
1507
1498
1494
1490
1486
1491
1494
1485
1488
1484
1487
1478
1479
1478
1469
1465
1456
1459
1450
1441
1443
1442
1438
1434
1442
1442
1441
1449
1454
1445
1445
1446
1445
1444
1447
1448
1439
1441
1446
1442
1450
1441
1440
1442
1445
1444
1444
1452
1452
1457
1448
1447
1452
1443
1439
1439
1440
1442
1443
1446
1442
1450
1452
1443
1434
1434
1430
1435
1435
1436
1444
1443
1443
1448
1447
1450
1450
1452
1460
1460
1451
1447
1448
1449
1445
1450
1441
1449
1451
1456
1447
1455
1456
1452
1460
1468
1468
1467
1472
1477
1485
1485
1481
1477
1480
1480
1471
1472
1463
1465
1468
1470
1471
1471
1467
1458
1454
1457
1448
1451
1451
1453
1452
1453
1458
1457
1459
1461
1457
1456
1452
1448
1456
1457
1462
1470
1466
1457
1456
1447
1448
1444
1435
1443
1443
1443
1434
1430
1429
1437
1428
1431
1430
1438
1439
1440
1443
1445
1447
1447
1450
1458
1466
1457
1457
1448
1456
1457
1465
1468
1476
1475
1483
1485
1486
1486
1494
1499
1495
1495
1491
1493
1496
1501
1503
1511
1502
1505
1513
1521
1523
1523
1523
1514
1515
1520
1525
1516
1515
1517
1517
1520
1523
1524
1532
1540
1536
1532
1523
1519
1520
1520
1520
1521
1524
1520
1520
1511
1516
1519
1510
1518
1526
1525
1516
1517
1525
1527
1529
1537
1537
1537
1539
1539
1539
1538
1538
1540
1543
1542
1545
1544
1535
1543
1544
1543
1539
1540
1540
1542
1544
1543
1539
1540
1542
1541
1540
1531
1536
1544
1540
1536
1539
1544
1545
1536
1535
1526
1525
1533
1524
1526
1528
1533
1536
1532
1523
1522
1524
1532
1533
1541
1537
1540
1542
1538
1543
1544
1549
1552
1553
1555
1555
1555
1551
1551
1559
1555
1551
1551
1556
1561
1562
1558
1560
1551
1553
1561
1560
1563
1563
1554
1550
1555
1558
1560
1563
1566
1557
1562
1565
1568
1564
1569
1568
1564
1560
1551
1551
1550
1546
1547
1547
1555
1563
1566
1568
1567
1572
1568
1569
1572
1571
1579
1580
1585
1576
1567
1575
1575
1576
1584
1585
1581
1572
1577
1576
1572
1573
1576
1577
1580
1588
1590
1598
1598
1606
1602
1604
1604
1607
1609
1605
1608
1616
1607
1607
1615
1623
1624
1627
1627
1626
1629
1620
1611
1612
1620
1616
1619
1610
1618
1621
1617
1625
1626
1626
1625
1627
1618
1614
1616
1618
1623
1623
1628
1627
1623
1626
1626
1622
1623
1626
1626
1628
1624
1626
1622
1625
1628
1636
1639
1635
1637
1637
1642
1645
1650
1650
1655
1655
1655
1656
1657
1658
1661
1657
1648
1647
1649
1652
1657
1653
1644
1649
1654
1650
1655
1654
1657
1648
1647
1655
1646
1651
1650
1650
1658
1663
1665
1656
1661
1660
1668
1667
1669
1668
1671
1671
1679
1682
1678
1680
1683
1691
1694
1702
1702
1707
1712
1703
1711
1716
1716
1717
1720
1716
1716
1716
1712
1714
1713
1718
1720
1721
1722
1713
1713
1716
1717
1718
1720
1720
1719
1715
1718
1717
1719
1710
1709
1709
1714
1715
1714
1717
1718
1709
1711
1714
1710
1709
1711
1702
1698
1706
1711
1714
1722
1718
1719
1722
1730
1735
1726
1727
1718
1723
1731
1736
1735
1731
1739
1739
1738
1729
1737
1738
1740
1736
1735
1735
1734
1742
1741
1737
1736
1741
1746
1746
1754
1754
1757
1756
1764
1769
1768
1764
1767
1766
1757
1765
1770
1769
1760
1751
1756
1759
1750
1750
1753
1755
1751
1747
1738
1738
1737
1739
1730
1738
1729
1725
1721
1721
1721
1723
1722
1722
1713
1713
1709
1708
1716
1716
1724
1723
1724
1723
1722
1727
1718
1714
1717
1725
1730
1721
1720
1716
1721
1720
1723
1726
1726
1727
1735
1734
1730
1738
1734
1735
1736
1735
1731
1736
1736
1732
1732
1732
1733
1733
1724
1724
1726
1725
1730
1721
1726
1717
1720
1723
1725
1730
1732
1734
1737
1739
1740
1742
1745
1753
1758
1761
1761
1760
1756
1747
1743
1743
1745
1741
1741
1737
1739
1739
1744
1740
1739
1741
1741
1740
1731
1722
1727
1718
1717
1725
1725
1727
1728
1729
1737
1742
1738
1734
1736
1741
1741
1737
1728
1733
1735
1734
1735
1731
1731
1730
1721
1720
1723
1723
1728
1727
1726
1729
1720
1721
1729
1737
1733
1738
1737
1737
1742
1733
1738
1739
1740
1740
1745
1753
1754
1750
1758
1759
1764
1760
1762
1764
1769
1760
1751
1751
1752
1743
1744
1752
1760
1751
1759
1761
1752
1755
1746
1747
1755
1755
1751
1754
1757
1765
1773
1781
1786
1789
1789
1797
1788
1790
1781
1783
1774
1777
1782
1787
1787
1789
1797
1800
1800
1799
1795
1795
1797
1796
1804
1795
1796
1796
1796
1799
1790
1781
1786
1777
1779
1781
1782
1781
1784
1784
1775
1777
1780
1771
1762
1753
1756
1759
1761
1760
1765
1770
1770
1772
1771
1772
1763
1765
1756
1759
1761
1760
1768
1770
1778
1783
1788
1796
1798
1806
1805
1808
1804
1806
1811
1810
1813
1816
1815
1817
1808
1799
1802
1798
1789
1792
1800
1802
1805
1807
1798
1797
1798
1801
1806
1806
1806
1809
1809
1817
1819
1818
1817
1822
1830
1838
1846
1837
1845
1836
1844
1843
1845
1848
1847
1843
1848
1849
1848
1850
1855
1856
1857
1858
1860
1851
1852
1853
1858
1861
1861
1852
1852
1857
1860
1860
1868
1871
1873
1875
1880
1883
1879
1882
1878
1886
1877
1878
1886
1889
1889
1894
1895
1891
1894
1895
1896
1901
1904
1903
1902
1893
1896
1898
1906
1911
1912
1908
1913
1916
