[[[[8,5],5],[5,9]],[[[2,5],[1,8]],[[6,1],[4,1]]]]
[[[[7,3],[4,2]],[[4,6],[4,3]]],[[[3,3],[7,1]],[0,[6,4]]]]
[[[9,[0,0]],[[7,2],7]],[[0,[8,3]],[[1,8],[4,8]]]]
[1,[[[0,3],[0,7]],[[9,0],[1,5]]]]
[[[[6,8],[8,0]],[[4,2],[0,8]]],7]
[[[[9,7],[2,1]],[7,[9,5]]],[[[0,0],[3,6]],0]]
[[[[5,9],1],[[7,7],4]],[9,6]]
[[8,[3,[0,2]]],[[[5,3],[1,6]],[[4,5],[8,9]]]]
[9,7]
[[[0,[3,7]],[9,[3,6]]],[[[5,7],[6,8]],[5,1]]]
[3,0]
[[[[2,7],6],[[7,5],[7,4]]],2]
[[[[5,4],[5,7]],[[4,4],5]],[1,[[0,7],0]]]
[6,3]
[[5,[[8,8],5]],[9,0]]
[[[[5,5],[9,9]],[[2,8],[2,1]]],[[[5,4],[1,8]],[[6,0],[0,5]]]]
[[[[1,3],[3,0]],[[2,3],[9,3]]],[[[8,2],[7,0]],5]]
[[[[8,4],[8,3]],[8,[4,2]]],0]
[[1,7],[[[9,2],[8,4]],1]]
[5,[[[3,3],5],7]]
