45,41,36,11,83,96,3,17,26,58,18,43,39,14,55,61,54,68,73,88,87,4,75,23,49,57,29,13,34,69,95,74,56,7,91,2,99,60,62,6,40,90,8,16,98,33,89,76,50,71,59,31,63,77,10,21,85,93,30,24,79,64,65,94,97,78,27,9,19,92,47,28,46,84,51,25,70,72,32,53,5,15,0,1,82,20,80,48,42,44,86,22,52,12,81,37,67,66,38,35

29 85  2 62 49
61 14 35  9 82
92 89 60 84 54
16 46 34 78 36
26 40 20 47 52

78 49 62 12 45
64  2 83 76 25
31 65 32 34 18
89 79 69 77 41
47 94 91 38 54

60 78 64 46 90
 0 62 32 55 94
 5 36 77 19 80
58 14 43 88 92
37 86 66 54 41

 6 65  0 97 42
76 84 22 96 49
92 37 48 30 67
80 75 73 54 78
51 82 11 64 56

41 90 76 22  0
68 79 93  1 98
45 60 64 15 27
21 30 88  4 91
62 24 77 51 56

11 91  2 99 42
23 83 77 84 76
80 95 67 18 25
75 86 79 24 78
73 44 87 20 43

48 83 64 66 65
15 12 73 57  9
 6 86 93 95 35
53 36 23 62 16
46 54 27 22 49

87 81 15 83 95
80 47 82 44  2
89 97 40 60 54
36 90 76  1 23
66 29 28 34 13

74 62 53 67 45
54 22 97 46 44
70 79 20 56 82
25  0 31 49 55
41 27 89 47 63

43 71  2 27 67
30 35 39 60 33
26 68 76 17 21
48 80  7 15 40
53 88 11 56 75

 2 80 20  1 16
39 78 71 52 95
94 69 92 93 64
34 40 27 13 12
75 32 30 35 22

 3 25 80 26 20
63 88 58 79 78
72 97 52 55 27
76 64 30 39 36
62 89 14 61 17

63  6 52 61 20
83 19 15 33 87
38 73  4 69 44
48 12 26 22 47
32 23 93 89  3

73  2 37 63 24
95 34 57 79 10
93 55 99 46 80
96 71 62 60  7
98  0  1 42 11

18 53 43  2  4
62 54 68 80 75
11 13 29 50 47
16 22  5 69  3
91 63 41 26 94

48 24 15 34 47
10 63 88 55 72
50 82 59 41 67
99 57 65 28 71
17 61 16 49 12

13 70 34 24 28
50 57 87 36 35
65 18 75 72 15
78 47 71 64 95
26 66  3 90 41

62 75 73 94 99
26 19 86 50 91
59 93 80 65 23
 9 45  7 29 44
13 56 55 36 85

38 59 19 73 70
47 80 32 71 23
48 15 57 60 28
31 91 83 11 98
89 49 41 54 67

75 27 86 19 74
49 66 52 50 26
99 32 14 48 61
93 96 34 88 39
 2 79 31 15  9
